510881479;1;00815319;09/23/2020 00:00:00;08/20/2021 00:00:00;5;2222;0201;;ES;;1;12011580048041;0999;9;01;3;22;00;2;0;4.00;6.00;;1.95;;11374.99;9894.13;0.00;;;;1.30;;;10/31/2021 00:00:00;;06/01/2021 00:00:00;;;6.81
511159381;1;00000000;11/12/2020 00:00:00;01/01/2022 00:00:00;10;2222;0300;00000000;ES;20142098502;2;12011580048041;0001;9;01;3;00;00;2;0;3.00;4.00;2562.89;2.34;;17085.93;8123.50;0.00;0.00;0.00;5545.24;1.25;0001;;;;;;;10.65
509197818;1;00000000;10/09/2019 00:00:00;09/30/2020 00:00:00;10;2222;0300;;ES;;2;12011580260051;0001;;02;3;01;01;2;0;2.00;4.60;;37.40;;175780.00;90600.66;0.00;0.00;0.00;40000.00;8.80;0001;;;;;;;
507473987;1;00000000;09/27/2018 00:00:00;09/27/2019 00:00:00;10;2222;0300;;ES;;2;12011580048041;0001;;01;3;01;01;2;0;2.75;4.60;;1.57;;9387.00;4884.17;0.00;0.00;0.00;2625.43;0.70;0001;;;;;;;
507652396;1;00000000;10/31/2018 00:00:00;10/26/2019 00:00:00;10;2222;0300;00000000;ES;20142251284;2;12011580260051;0001;;02;3;01;01;2;0;1.75;4.60;5000.00;14.06;;70337.50;30699.79;0.00;0.00;0.00;25570.21;3.31;0001;;;;;;;
511078179;1;00000000;10/27/2020 00:00:00;01/22/2022 00:00:00;1;3333;0303;;ES;;3;12011580260051;0999;9;06;3;00;00;2;0;;6.00;;528.00;;2808960.00;1321460.80;0.00;0.00;0.00;;88.00;;;;;;;;7.18
506569746;1;00000000;05/02/2018 00:00:00;07/15/2027 00:00:00;1;2222;0300;;ES;;9;23271300193002;0001;;00;0;00;00;0;0;;5.50;;0.00;12.00;;48960.00;0.00;0.00;0.00;;0.00;0002;;;;;;;
508025282;1;00000000;02/08/2019 00:00:00;02/07/2024 00:00:00;10;2222;0201;;ES;;2;12011580260051;0001;;03;3;01;01;2;0;1.50;4.60;;9.37;;46687.50;24805.35;0.00;0.00;0.00;12544.65;2.50;0001;;;;;;;
507947853;1;07475376;01/09/2019 00:00:00;12/15/2019 00:00:00;5;2222;0505;;ES;;2;12011580260041;0001;;01;3;24;01;2;8;2.50;4.60;;53.11;;391818.61;160000.00;;;;40000.00;15.62;0001;;08/18/2019 00:00:00;12/01/2018 00:00:00;08/18/2019 00:00:00;12/01/2018 00:00:00;;
513501904;3;22656789;02/22/2022 00:00:00;12/20/2028 00:00:00;4;2222;0402;;ES;;9;13907710108408;0999;9;00;0;00;00;0;0;;12.98;;;1.00;;10500.00;0.00;;;;0.00;;;;;;;;13.12
512880274;2;32430233;10/04/2021 00:00:00;10/03/2022 00:00:00;5;2222;0403;;ES;;2;12011580260051;0001;9;02;3;22;00;2;0;2.00;4.50;;11.88;;76020.12;43298.28;0.00;;;17517.82;3.29;0001;;07/20/2022 00:00:00;;05/20/2022 00:00:00;;;5.70
507618155;1;00000000;10/25/2018 00:00:00;10/23/2019 00:00:00;10;2222;0300;00000000;ES;20151329501;2;12011580260051;0001;;02;3;01;01;2;0;1.25;4.60;2288.87;17.00;;84830.00;41538.08;0.00;0.00;0.00;26325.92;4.00;0001;;;;;;;
508418009;1;00000000;05/24/2019 00:00:00;11/28/2020 00:00:00;1;4444;0303;;ES;;3;12011580260051;0999;;02;3;01;01;2;0;;9.00;;184.80;;997920.00;603295.00;0.00;0.00;0.00;;38.50;;;;;;;;
506337949;1;00000000;03/09/2018 00:00:00;01/07/2019 00:00:00;10;2222;0300;;ES;;2;12011580048041;0001;;01;3;01;01;2;0;3.00;5.50;;6.48;;51186.37;21347.61;0.00;0.00;0.00;19601.49;3.46;0001;42.00;10/01/2018 00:00:00;02/01/2018 00:00:00;05/01/2018 00:00:00;08/01/2017 00:00:00;;
506161336;2;00000000;01/25/2018 00:00:00;12/15/2023 00:00:00;4;3333;0300;;ES;;9;13134020109002;0050;;00;0;00;00;0;0;;7.50;;0.00;1.00;;50401.60;0.00;0.00;0.00;;0.00;;;;;;;;
510558467;1;32430233;08/05/2020 00:00:00;08/05/2021 00:00:00;5;2222;0201;;ES;;1;12011580260051;0050;9;02;3;22;00;2;8;2.00;5.00;;22.68;;109619.92;75423.98;0.00;;;;4.20;;;06/15/2021 00:00:00;;05/15/2021 00:00:00;;;4.99
513896280;1;00000000;05/26/2022 00:00:00;07/15/2023 00:00:00;10;2222;0201;00000000;ES;20211741826;2;12011580260051;0001;9;03;3;00;00;2;0;2.00;4.50;5000.00;25.65;;347044.50;122967.88;0.00;0.00;0.00;40000.00;6.84;0001;;;;;;;8.43
507022080;1;00815319;07/30/2018 00:00:00;07/30/2019 00:00:00;5;2222;0430;;ES;;9;12011580048041;0999;;01;3;22;01;2;0;;9.50;;14.67;;75051.72;30000.00;0.00;;;;4.89;;;;;;;;
514103586;1;00815319;06/30/2022 00:00:00;06/21/2032 00:00:00;5;2222;0300;;ES;;9;13147694000408;0001;9;00;0;00;00;0;0;;4.50;;;1.00;;71400.00;0.00;;;;0.00;0002;;;;;;;4.58
509174124;1;00000000;10/03/2019 00:00:00;08/28/2029 00:00:00;5;2222;0300;;ES;;9;13144020109408;0001;;00;0;00;00;0;0;;3.00;;;1.00;;9149.20;0.00;0.00;0.00;;0.00;0002;;;;;;;
510584184;1;07237373;08/10/2020 00:00:00;08/10/2022 00:00:00;5;2222;0502;;ES;;9;13121580000002;0001;9;00;0;00;00;0;0;;0.50;;;;;5000.00;;0.00;100.00;;0.40;0056;;;;;;;0.50
507966754;1;00000000;01/17/2019 00:00:00;01/16/2029 00:00:00;1;2222;0300;;ES;;9;13147080215002;0001;;00;0;00;00;0;0;;4.60;;;1.00;;92082.17;24000.00;0.00;0.00;;0.00;0002;;;;;;;
507761858;1;00000000;11/26/2018 00:00:00;11/22/2023 00:00:00;5;2222;0300;;ES;;9;13154090356002;0001;;00;0;00;00;0;0;;4.60;;0.00;1.00;;45496.08;0.00;0.00;0.00;;0.00;0002;;;;;;;
509358912;1;32430233;11/08/2019 00:00:00;10/21/2020 00:00:00;5;2222;0201;;ES;;2;12011580260051;0001;;02;3;22;01;2;0;2.00;4.60;;14.70;;73500.00;39935.21;2100.00;;;16764.79;3.33;0001;;;;;;;5.87
513731781;1;00000000;04/19/2022 00:00:00;10/15/2022 00:00:00;5;2222;0430;;ES;;9;11251580260002;0999;9;00;0;00;00;0;8;;14.70;;;300000.00;;149961.18;3537608.82;0.00;0.00;;0.00;;;;;;;;46.13
513038455;1;58160789;11/03/2021 00:00:00;10/31/2022 00:00:00;5;4444;0800;;ES;;9;12011580260041;0070;9;01;0;00;00;1;0;;7.00;;191.00;;1246440.00;1000000.00;;;;;46.53;0010;4.00;08/29/2022 00:00:00;;06/30/2022 00:00:00;;;7.00
509548764;1;32467086;12/17/2019 00:00:00;12/18/2020 00:00:00;5;2222;0800;;ES;;3;12011580048041;0070;;01;0;00;00;0;0;;7.00;;12.75;;62324.04;30000.00;0.00;;;;5.00;0010;;;;;;;7.83
507377348;1;00000000;09/14/2018 00:00:00;09/15/2019 00:00:00;1;3333;0300;;ES;;3;12011580260051;0050;;02;3;01;01;2;0;;6.00;;18.00;;90180.00;53000.00;0.00;0.00;0.00;;3.00;;;;;;;;
508401636;1;00000000;05/22/2019 00:00:00;05/20/2020 00:00:00;10;2222;0304;;ES;;2;12011580048041;0001;;01;3;01;01;2;0;3.00;4.60;;9.56;;60721.87;31733.78;0.00;0.00;0.00;16843.72;5.10;0001;;;;;;;
507456956;1;32430233;09/25/2018 00:00:00;08/20/2019 00:00:00;5;2222;0201;;ES;;9;22261300190002;0001;;00;0;00;00;0;0;;2.50;;18250.00;4.00;21900.00;16000.00;0.00;;;;0.00;0001;;;;;;;
511102466;2;00000000;10/29/2020 00:00:00;11/28/2021 00:00:00;1;3333;0303;;ES;;3;12011580260051;0050;9;02;3;00;00;2;0;;5.00;;47.50;;252700.00;133290.00;0.00;0.00;0.00;;10.00;;;;;;;;6.28
513667608;1;00000000;04/01/2022 00:00:00;02/10/2029 00:00:00;5;3333;0303;;ES;;9;13121580000002;0999;1;00;0;00;00;0;0;;13.45;;;;;125235.00;0.00;0.00;0.00;;5.50;;;;;;;;13.70
514358385;1;32430233;08/04/2022 00:00:00;08/10/2023 00:00:00;5;2222;0403;;ES;;3;12011580260051;0001;9;02;0;22;00;2;0;;6.00;;17.64;;170520.06;80093.77;0.00;;;;2.93;0001;;07/10/2023 00:00:00;;05/20/2023 00:00:00;;;6.39
509713284;1;00000000;01/30/2020 00:00:00;12/27/2020 00:00:00;10;2222;0300;;ES;;2;12011580260051;0001;;03;3;01;01;2;0;2.00;4.60;;11.02;;52479.00;30073.17;0.00;0.00;0.00;11910.03;2.94;0001;;;;;;;9.21
509868832;1;00000000;03/13/2020 00:00:00;01/07/2027 00:00:00;1;2222;0201;;ES;;9;13144860116002;0001;9;00;0;00;00;0;0;;4.60;;;1.00;;23460.00;0.00;0.00;0.00;;0.00;0002;;;;;;;4.86
511284852;1;00000000;12/07/2020 00:00:00;06/05/2021 00:00:00;1;3333;0402;;ES;;9;11201580260008;0999;9;00;0;00;00;0;8;;7.40;;;12600.00;;50885.10;0.00;0.00;0.00;;0.00;;;;;;;;10.22
509284036;2;07237373;10/24/2019 00:00:00;10/24/2021 00:00:00;5;2222;0502;;ES;;9;13121580000002;0001;;00;0;00;00;0;0;;0.50;;;;;3284.40;;0.00;100.00;;0.25;0056;;;;;;;0.50
510312993;4;00000000;06/26/2020 00:00:00;06/10/2028 00:00:00;4;2222;0201;;ES;;9;13147705000408;0001;9;00;0;00;00;0;0;;4.60;;;1.00;;3672.00;0.00;0.00;0.00;;0.00;0002;;;;;;;
506460854;1;32467086;04/09/2018 00:00:00;03/06/2023 00:00:00;5;2222;0402;;ES;;9;23271300078002;0999;;00;0;00;00;0;0;;8.50;;0.00;29.00;;25000.00;0.00;;;;0.00;;;;;;;;
514503573;1;31815293;08/19/2022 00:00:00;10/02/2023 00:00:00;5;2222;0403;;ES;;3;12011580260051;0001;9;02;0;22;00;2;0;;6.00;;8.28;;76997.13;37500.00;0.00;;;;1.38;0001;;06/30/2023 00:00:00;;04/01/2023 00:00:00;;;6.37
511181647;1;00000000;11/17/2020 00:00:00;10/20/2021 00:00:00;10;2222;0300;00000000;ES;20181165699;2;12011580260051;0001;9;02;3;00;00;2;0;2.00;4.00;5000.00;8.50;;45220.00;18709.88;0.00;0.00;0.00;17466.12;2.00;0001;;;;;;;10.44
509613446;1;00000000;12/30/2019 00:00:00;12/29/2020 00:00:00;10;2222;0300;;ES;;2;12012420000052;0001;;04;3;01;01;2;0;2.00;3.00;;65.00;;41600.00;9966.33;0.00;0.00;0.00;23313.67;1.00;0001;;10/30/2020 00:00:00;02/01/2020 00:00:00;10/01/2020 00:00:00;01/01/2020 00:00:00;;10.82
509129384;1;00815319;09/26/2019 00:00:00;01/21/2021 00:00:00;5;2222;0201;;ES;;3;12011580048041;0001;;01;3;22;01;2;8;;3.00;;22.56;;146640.00;90000.00;287.38;;;;7.50;0001;;;;;;;4.23
506216682;1;00000000;02/06/2018 00:00:00;02/05/2019 00:00:00;10;2222;0300;;ES;;2;12011580260041;0001;;01;3;01;01;2;0;2.50;5.50;;2.61;;18548.75;6829.07;0.00;0.00;0.00;8009.93;1.90;0001;;07/31/2019 00:00:00;09/30/2018 00:00:00;07/01/2019 00:00:00;09/01/2018 00:00:00;;
507175405;1;03358914;08/17/2018 00:00:00;08/31/2026 00:00:00;5;2222;0303;;ES;;9;23271300193002;0999;;00;0;00;00;0;0;;7.00;;;24.00;;120000.00;0.00;;;;0.00;;;;;;;;
514361300;1;00000000;08/04/2022 00:00:00;01/01/2030 00:00:00;4;3333;0300;;ES;;9;13121580000002;0050;9;00;0;00;00;0;0;;8.00;;;;;139480.00;0.00;0.00;0.00;;6.34;;;;;;;;8.17
513761267;1;00000000;04/26/2022 00:00:00;04/11/2024 00:00:00;10;2222;0201;;ES;;9;22311300000408;0001;9;00;0;57;00;0;0;;4.50;;5331.72;12.00;65178.12;36563.69;0.00;0.00;0.00;;4.00;0001;;;;;;;4.70
510894203;1;00000000;09/24/2020 00:00:00;09/28/2021 00:00:00;1;3333;0300;;ES;;3;12011580260051;0050;9;02;3;00;00;2;0;;5.00;;69.00;;366390.00;200000.00;50000.00;0.00;0.00;;9.20;;;;;;;;6.05
511735836;1;00000000;03/23/2021 00:00:00;05/14/2022 00:00:00;10;2222;0300;;ES;;2;12011580260051;0001;9;03;3;00;00;2;0;2.00;4.00;;16.87;;108000.00;50566.23;0.00;0.00;0.00;35833.77;4.50;0001;;;;;;;8.46
513446070;1;00000000;02/03/2022 00:00:00;01/20/2027 00:00:00;1;2222;0300;;ES;;9;13154090356002;0001;9;00;0;00;00;0;0;;4.50;;;1.00;;129540.00;0.00;0.00;0.00;;0.00;0002;;;;;;;5.41
511126875;1;00000000;11/06/2020 00:00:00;11/05/2021 00:00:00;10;2222;0300;;ES;;9;22371300951408;0001;9;00;0;24;00;0;0;;4.00;;4236.70;27.00;31914.81;27257.31;0.00;0.00;0.00;;25.00;0001;;;;;;;5.00
509960556;1;32474884;04/06/2020 00:00:00;03/23/2028 00:00:00;5;2222;0201;;ES;;9;13121160500041;0050;9;00;0;00;00;0;0;;7.00;;;;;256349.55;0.00;;;;13.01;;;;;;;;6.99
506417296;1;00000000;03/27/2018 00:00:00;09/15/2027 00:00:00;4;2222;0300;;ES;;9;23271300193002;0001;;00;0;00;00;0;0;;5.50;;0.00;19.00;;95000.00;0.00;0.00;0.00;;0.00;0002;;;;;;;
514694077;1;00000000;09/15/2022 00:00:00;06/01/2029 00:00:00;1;2222;0300;;ES;;9;13144860116002;0001;9;00;0;00;00;0;0;;6.00;;;1.00;;342400.00;0.00;0.00;0.00;;0.00;0002;;;;;;;6.37
512902115;1;00000000;10/07/2021 00:00:00;11/22/2022 00:00:00;10;2222;0300;;ES;;2;12011580048041;0001;9;01;3;00;00;2;0;3.00;4.50;;2.75;;32615.00;9525.05;0.00;0.00;0.00;16566.95;1.00;0001;;;;;;;14.53
507946852;1;00000000;01/09/2019 00:00:00;12/27/2028 00:00:00;1;2222;0300;;ES;;9;23144860116002;0001;;00;0;00;00;0;0;;4.60;;;2.00;;25591.80;0.00;0.00;0.00;;0.00;0002;;;;;;;
507750703;1;00000000;11/23/2018 00:00:00;12/28/2027 00:00:00;4;2222;0300;;ES;;9;13121580000002;0001;;00;0;00;00;0;0;;4.60;;0.00;;;9252.42;0.00;0.00;0.00;;0.37;0002;;;;;;;
514179526;1;00000000;07/18/2022 00:00:00;07/15/2029 00:00:00;5;3333;0303;;ES;;9;13140857000408;0999;1;00;0;00;00;0;0;;10.50;;;1.00;;190000.00;0.00;0.00;0.00;;0.00;;;;;;;;11.02
513841916;1;00000000;05/13/2022 00:00:00;05/12/2023 00:00:00;10;2222;0201;;ES;;9;22371300190408;0001;9;00;0;00;00;0;0;;3.00;;48267.60;40.00;134002.32;74377.20;0.00;0.00;0.00;;40.00;0001;;;;;;;3.39
509574454;1;31804966;12/20/2019 00:00:00;12/11/2020 00:00:00;5;2222;0201;;ES;;2;12011580048041;0001;;01;3;22;01;2;0;3.00;4.60;;4.65;;25575.00;18900.00;10.00;;;1550.00;1.55;0001;;11/10/2020 00:00:00;01/17/2020 00:00:00;10/13/2020 00:00:00;12/17/2019 00:00:00;;5.80
511039025;1;00000000;10/20/2020 00:00:00;11/30/2021 00:00:00;10;2222;0300;;ES;;2;12011580048041;0001;9;01;3;00;00;2;0;3.00;4.00;;3.75;;27637.50;17730.20;0.00;0.00;0.00;4379.80;2.00;0001;;;;;;;8.24
512920530;1;00000000;10/13/2021 00:00:00;08/27/2022 00:00:00;10;2222;0300;;ES;;9;22371300951408;0001;9;00;0;00;00;0;0;;4.50;;1054.68;17.00;47878.29;13273.43;0.00;0.00;0.00;;11.50;0001;;;;;;;5.06
507943632;2;00000000;01/07/2019 00:00:00;12/28/2027 00:00:00;4;2222;0300;;ES;;9;13121580000002;0001;;00;0;00;00;0;0;;4.60;;;;;24571.80;0.00;0.00;0.00;;1.38;0002;;;;;;;
509247656;1;00000000;10/17/2019 00:00:00;09/10/2029 00:00:00;4;2222;0300;;ES;;9;13121580000002;0001;;00;0;00;00;0;0;;4.60;;;;;49038.98;0.00;0.00;0.00;;2.00;0002;;;;;;;
513501904;1;22656789;02/22/2022 00:00:00;12/20/2028 00:00:00;4;2222;0402;;ES;;9;13147180000408;0999;9;00;0;00;00;0;0;;12.98;;;1.00;;14500.00;131.30;;;;0.00;;;;;;;;13.12
511132688;3;00000000;11/09/2020 00:00:00;10/19/2030 00:00:00;2;2222;0300;;ES;;9;13703180110408;0001;9;00;0;00;00;0;0;;4.00;;;100.00;;35700.00;0.00;0.00;0.00;;0.00;0002;;;;;;;4.00
506347922;1;00000000;03/13/2018 00:00:00;01/25/2028 00:00:00;1;2222;0300;;ES;;9;23271300193002;0001;;00;0;00;00;0;0;;5.50;;0.00;7.00;;30702.00;0.00;0.00;0.00;;0.00;0002;;;;;;;
511414197;1;00815319;01/06/2021 00:00:00;11/22/2021 00:00:00;5;2222;0201;;ES;;3;12011580048041;0001;9;01;3;00;00;0;0;;4.00;;3.36;;28224.00;21000.00;0.00;;;;2.10;0001;;06/30/2021 00:00:00;;06/01/2021 00:00:00;;;5.24
506543703;1;00000000;04/25/2018 00:00:00;09/25/2019 00:00:00;1;3333;0201;;ES;;3;12011580260051;0050;;02;3;01;01;2;0;;7.50;;21.01;;175643.60;40008.51;10002.13;0.00;0.00;;3.06;;;04/15/2019 00:00:00;06/15/2018 00:00:00;04/01/2019 00:00:00;05/15/2018 00:00:00;;
511052914;2;00000000;10/22/2020 00:00:00;09/10/2030 00:00:00;4;2222;0300;;ES;;9;13121580000002;0001;9;00;0;00;00;0;0;;4.00;;;;;73935.72;0.00;0.00;0.00;;4.50;0002;;;;;;;2.75
512599499;1;05276770;08/23/2021 00:00:00;09/15/2026 00:00:00;5;2222;0505;;ES;;9;13144020109408;0001;9;00;0;00;00;0;0;;3.00;;;1.00;;12564.36;;;;;0.53;0002;;;;;;;4.24
509113804;1;32474884;09/24/2019 00:00:00;09/23/2020 00:00:00;5;2222;0201;;ES;;9;22261300190002;0999;;00;0;00;00;0;0;;8.00;;63875.00;25.00;44712.50;20000.00;0.00;;;;13.03;;;;;;;;10.27
513824605;1;07237373;05/10/2022 00:00:00;05/10/2024 00:00:00;5;2222;0502;;ES;;9;13144860022002;0001;9;00;0;00;00;0;0;;0.50;;;1.00;;4000.00;;0.00;100.00;;0.00;0056;;;;;;;
510998710;1;05276770;10/14/2020 00:00:00;10/15/2026 00:00:00;5;2222;0505;;ES;;9;13144020109408;0001;9;00;0;00;00;0;0;;2.75;;;1.00;;8549.17;;;;;0.81;0002;;;;;;;3.44
507668035;1;32430233;11/06/2018 00:00:00;10/15/2019 00:00:00;5;3333;0300;;ES;;9;12015940000052;0050;;02;3;22;01;2;0;;6.00;;22.50;;239400.00;45000.00;0.00;;;;4.50;;;;;;;;
506113351;1;00000000;01/11/2018 00:00:00;09/11/2018 00:00:00;4;3333;0201;;ES;;3;12113630000002;0050;;01;3;12;01;2;0;;7.50;;4499.00;;439057.41;82836.41;0.00;0.00;0.00;;20.45;;;07/20/2018 00:00:00;08/20/2017 00:00:00;07/01/2018 00:00:00;08/01/2017 00:00:00;;
509998814;1;28127603;04/17/2020 00:00:00;10/20/2020 00:00:00;5;2222;0201;;ES;;3;12011580048041;0001;9;01;3;22;00;2;8;;4.60;;21.00;;130200.00;40000.00;0.00;;;;10.00;0001;0.00;08/31/2020 00:00:00;;05/01/2020 00:00:00;;;
507566054;1;00815319;10/17/2018 00:00:00;10/21/2019 00:00:00;5;2222;0800;;ES;;3;12011580048041;0070;;01;3;22;01;2;8;;7.00;;2.50;;16250.00;15000.00;156.10;;;;1.38;0010;;;;;;;
509043633;1;00000000;09/13/2019 00:00:00;09/05/2020 00:00:00;10;2222;0300;00000000;ES;20152074148;2;12011580048041;0001;;01;3;01;01;2;0;3.00;4.60;2190.76;2.96;;14605.12;10097.76;0.00;0.00;0.00;1586.34;1.58;0001;;;;;;;
506841530;1;31815293;06/26/2018 00:00:00;06/19/2019 00:00:00;5;3333;0201;;ES;;3;12011580260051;0999;;02;0;22;01;2;0;;6.50;;47.15;;227891.51;134049.40;0.00;;;;7.78;;;;;;;;
512212499;1;32430233;06/29/2021 00:00:00;05/15/2029 00:00:00;5;2222;0300;;ES;;9;13147080215002;0050;9;00;0;00;00;0;0;;6.00;;;1.00;;152000.00;0.00;;;;0.00;;;;;;;;6.09
507336095;1;00000000;09/06/2018 00:00:00;09/05/2023 00:00:00;5;2222;0300;;ES;;9;13154090356002;0001;;00;0;00;00;0;0;;4.60;;0.00;1.00;;45496.08;0.00;0.00;0.00;;0.00;0002;;;;;;;
507547582;1;28127603;10/11/2018 00:00:00;09/20/2019 00:00:00;5;2222;0800;;ES;;3;12011580048041;0070;;01;3;22;01;2;0;;7.00;;8.75;;52504.20;25000.00;0.00;;;;4.17;0010;;07/31/2019 00:00:00;;04/01/2019 00:00:00;;;
511008599;1;28127603;10/15/2020 00:00:00;09/20/2021 00:00:00;5;2222;0201;;ES;;3;12011580260051;0001;9;02;3;22;00;2;8;;4.00;;9.18;;45900.00;20300.00;100.00;;;;2.54;0001;0.00;07/31/2021 00:00:00;;05/01/2021 00:00:00;;;
507780679;1;00000000;11/28/2018 00:00:00;11/27/2019 00:00:00;1;3333;0800;;ES;;3;12011580260051;0070;;02;3;01;01;2;0;;7.00;;19.20;;95232.00;65031.31;0.00;0.00;0.00;;4.80;0010;;;;;;;
507627638;1;32430233;10/26/2018 00:00:00;08/26/2019 00:00:00;5;3333;0800;;ES;;9;12011580260051;0070;;02;3;22;01;2;0;;7.00;;117.60;;588000.00;350000.00;0.00;;;;28.00;0010;;;;;;;
514799707;1;05276770;09/29/2022 00:00:00;09/15/2023 00:00:00;5;2222;0201;;ES;;9;22371300074408;0001;9;00;0;55;00;0;0;;6.00;;6000.00;20.00;114000.00;70000.00;;;;;90.52;0001;;;;;;;6.42
507667812;1;00815319;11/06/2018 00:00:00;10/21/2019 00:00:00;5;2222;0201;;ES;;3;12011580048041;0001;;01;3;22;01;2;0;;4.60;;3.00;;15348.00;5500.00;0.00;;;;0.75;0001;;;;;;;
514944531;1;03358914;10/26/2022 00:00:00;09/29/2023 00:00:00;5;2222;0201;;ES;;3;12011160500041;0001;9;01;3;00;00;0;0;;6.00;;21.20;;53000.00;24072.00;0.00;;;;3.99;0001;;06/30/2023 00:00:00;;10/20/2022 00:00:00;;;6.43
507586343;1;00000000;10/19/2018 00:00:00;10/10/2019 00:00:00;10;2222;0300;;ES;;2;12013960000052;0001;;04;3;01;01;2;0;1.50;2.50;;5.26;;7739.55;3900.16;0.00;0.00;0.00;2291.48;0.39;0001;;08/20/2019 00:00:00;10/12/2018 00:00:00;06/20/2019 00:00:00;10/10/2018 00:00:00;;
509728275;2;00000000;02/04/2020 00:00:00;12/10/2027 00:00:00;4;3333;0303;;ES;;9;23271300078002;0999;;00;0;00;00;0;0;;8.00;;;100.00;;275000.00;0.00;0.00;0.00;;0.00;;;;;;;;
512592546;2;00000000;08/20/2021 00:00:00;08/05/2029 00:00:00;2;2222;0300;;ES;;9;13125940000002;0001;9;00;0;00;00;0;0;;4.50;;;;;72056.88;0.00;0.00;0.00;;1.68;0002;;;;;;;4.61
512406980;1;25395435;07/28/2021 00:00:00;08/15/2022 00:00:00;4;2222;0403;;ES;;3;12011580048041;0001;9;01;3;22;00;0;8;;4.50;;18.27;;223198.56;72787.33;0.02;;;;7.25;0001;;07/31/2022 00:00:00;;05/01/2022 00:00:00;;;6.21
514234931;1;00000000;07/22/2022 00:00:00;07/01/2029 00:00:00;1;2222;0300;;ES;;9;13147080215002;0001;9;00;0;00;00;0;0;;6.00;;;1.00;;200000.00;8161.00;0.00;0.00;;0.00;0002;;;;;;;6.10
508800376;1;00815319;08/09/2019 00:00:00;08/10/2020 00:00:00;5;2222;0303;;ES;;9;12011580048041;0999;;01;3;22;01;2;0;;9.50;;1.50;;7674.00;6000.00;37.85;;;;1.49;;;;;;;;10.85
508893732;1;00000000;08/22/2019 00:00:00;08/20/2020 00:00:00;10;2222;0300;;ES;;2;12011580048041;0001;;01;3;01;01;2;0;3.00;4.60;;6.87;;38981.25;19972.36;0.00;0.00;0.00;11212.64;2.50;0001;;;;;;;
506230405;1;00000000;02/09/2018 00:00:00;06/01/2019 00:00:00;1;3333;0300;;ES;;3;12011580260051;0050;;02;3;01;01;2;0;;7.50;;14.40;;103968.00;21524.97;13985.40;0.00;0.00;;1.82;;;04/02/2019 00:00:00;05/15/2018 00:00:00;04/01/2019 00:00:00;05/01/2018 00:00:00;;
506440113;2;00000000;04/02/2018 00:00:00;03/20/2028 00:00:00;1;2222;0300;;ES;;9;13901900000002;0001;;00;0;00;00;0;0;;5.50;;1.00;1.00;;10200.00;0.00;0.00;0.00;;0.00;0002;;;;;;;
508258913;1;00000000;04/18/2019 00:00:00;03/28/2024 00:00:00;5;2222;0300;;ES;;9;13154090356002;0001;;00;0;00;00;0;0;;4.60;;;1.00;;45038.00;0.00;0.00;0.00;;0.00;0002;;;;;;;
507558247;1;00000000;10/16/2018 00:00:00;10/02/2019 00:00:00;10;2222;0300;;ES;;2;12011580260051;0001;;02;3;01;01;2;0;1.25;4.60;;10.20;;51102.00;20535.58;0.00;0.00;0.00;20346.02;2.40;0001;;;;;;;
514970511;1;00000000;10/28/2022 00:00:00;10/24/2023 00:00:00;10;2222;0300;00000000;ES;20201704688;2;12011580260051;0001;9;03;3;00;00;2;0;4.00;6.00;5000.00;13.34;;166443.32;50605.09;0.00;0.00;0.00;40000.00;2.81;0001;;;;;;;16.55
509205751;1;00815319;10/10/2019 00:00:00;10/05/2020 00:00:00;5;2222;0201;;ES;;2;12011580260051;0001;;03;3;22;01;2;0;2.00;4.60;;5.59;;19565.00;13860.00;0.00;;;1792.00;1.54;0001;;;;;;;5.87
513435283;1;00000000;01/31/2022 00:00:00;12/01/2022 00:00:00;1;3333;0201;;ES;;3;12011580048042;0050;9;01;3;00;00;2;0;;5.50;;18.28;;332330.40;85116.80;0.00;0.00;0.00;;4.57;;;;;;;;7.63
508530899;1;00000000;06/19/2019 00:00:00;06/18/2020 00:00:00;5;3333;0304;;ES;;9;22261300074002;0050;;00;0;00;00;0;0;;6.00;;33434.64;69.00;159583.20;90540.26;0.00;0.00;0.00;;112.50;;;;;;;;
506374962;1;00000000;03/20/2018 00:00:00;03/15/2023 00:00:00;5;2222;0450;;ES;;9;13154090356002;0001;;00;0;00;00;0;0;;5.50;;0.00;1.00;;44735.11;859.96;0.00;0.00;;0.00;0002;;;;;;;
511345719;1;32474884;12/17/2020 00:00:00;12/15/2021 00:00:00;5;2222;0201;;ES;;9;22371300190408;0001;9;00;0;00;00;0;0;;2.75;;58765.00;23.00;41135.50;20000.34;0.00;;;;9.00;0001;;;;;;;3.51
506620032;1;00000000;05/14/2018 00:00:00;05/11/2019 00:00:00;10;2222;0300;;ES;;2;12013960000053;0001;;04;3;01;01;2;0;1.50;2.50;;3.91;;6224.85;2882.98;0.00;0.00;0.00;2096.90;0.29;0001;;10/31/2019 00:00:00;05/31/2018 00:00:00;10/01/2019 00:00:00;05/01/2018 00:00:00;;
506163031;1;00000000;01/25/2018 00:00:00;12/20/2027 00:00:00;4;2222;0450;;ES;;9;13134020109002;0001;;00;0;00;00;0;0;;2.50;;0.00;1.00;;122400.00;0.00;0.00;0.00;;0.00;0002;;;;;;;
511411076;1;28127603;01/05/2021 00:00:00;10/20/2021 00:00:00;5;2222;0201;;ES;;3;12011580048041;0001;9;01;3;22;00;2;8;;4.00;;5.25;;32550.00;12000.00;3000.00;;;;2.00;0001;0.00;08/31/2021 00:00:00;;05/01/2021 00:00:00;;;
506680596;1;00000000;05/24/2018 00:00:00;06/07/2027 00:00:00;1;2222;0300;;ES;;9;23271300193002;0001;;00;0;00;00;0;0;;5.50;;0.00;23.00;;98532.00;0.00;0.00;0.00;;0.00;0002;;;;;;;
507697544;1;00000000;11/13/2018 00:00:00;11/01/2028 00:00:00;4;2222;0300;;ES;;9;13125940000002;0001;;00;0;00;00;0;0;;4.60;;0.00;;;19992.02;0.00;0.00;0.00;;0.60;0002;;;;;;;
512159336;1;00000000;06/21/2021 00:00:00;06/21/2022 00:00:00;10;2222;0201;;ES;;9;22371300190408;0001;9;00;0;00;00;0;0;;2.75;;65738.08;41.00;151205.37;76616.45;0.00;0.00;0.00;;27.91;0001;;;;;;;3.14
507281281;2;00000000;08/29/2018 00:00:00;08/27/2028 00:00:00;4;2222;0300;;ES;;9;23137710000408;0001;;00;0;00;00;0;0;;4.60;;0.00;3.20;;25076.69;0.00;0.00;0.00;;0.00;0002;;;;;;;
513889512;1;31804966;05/25/2022 00:00:00;05/19/2023 00:00:00;5;4444;0201;;ES;;9;22393830406408;0999;9;00;0;70;00;0;0;;7.50;;586500.00;23.00;1173000.00;500000.00;1400.00;;;;0.19;;;;;;;;8.30
511381161;1;32430233;12/23/2020 00:00:00;07/20/2021 00:00:00;5;3333;0201;;ES;;9;12011580260051;0050;9;03;3;22;00;2;8;;5.00;;150.30;;1001599.20;386724.15;0.00;;;;25.05;;;05/30/2021 00:00:00;;04/01/2021 00:00:00;;;5.78
506320640;1;28127603;03/06/2018 00:00:00;09/20/2018 00:00:00;5;2222;0201;;ES;;3;12011580260051;0001;;03;3;22;01;2;0;;5.50;;5.40;;12501.00;5300.00;200.00;;;;0.96;0001;;07/31/2018 00:00:00;;05/01/2018 00:00:00;;;
508156236;1;00000000;03/22/2019 00:00:00;01/10/2029 00:00:00;4;2222;0450;;ES;;9;13134020109002;0001;;00;0;00;00;0;0;;2.50;;;1.00;;35626.96;0.00;0.00;0.00;;0.00;0002;;;;;;;
507635079;1;00000000;10/29/2018 00:00:00;09/28/2028 00:00:00;4;2222;0300;;ES;;9;13121580000002;0001;;00;0;00;00;0;0;;4.60;;0.00;;;40800.00;0.00;0.00;0.00;;2.50;0002;;;;;;;
511975627;1;00000000;05/14/2021 00:00:00;05/12/2022 00:00:00;10;2222;0201;;ES;;2;12013720000053;0001;9;04;3;00;00;2;0;2.00;2.75;;54.92;;142805.00;48433.85;0.00;0.00;0.00;21208.17;1.69;0001;;02/28/2022 00:00:00;06/30/2021 00:00:00;02/01/2022 00:00:00;06/01/2021 00:00:00;;7.72
512208726;4;00000000;06/28/2021 00:00:00;06/15/2031 00:00:00;2;2222;0201;;ES;;9;13703180110408;0001;9;00;0;00;00;0;0;;4.00;;;1.00;;10710.00;0.00;0.00;0.00;;0.00;0002;;;;;;;4.05
512830720;1;32430233;09/27/2021 00:00:00;09/20/2022 00:00:00;5;2222;0403;;ES;;2;12011580260051;0001;9;02;3;22;00;2;0;2.00;4.50;;17.28;;96289.86;47234.48;0.00;;;29797.41;3.59;0001;;06/30/2022 00:00:00;;05/01/2022 00:00:00;;;5.71
514598378;1;00815319;08/31/2022 00:00:00;08/23/2024 00:00:00;4;2222;0403;;ES;;9;22311300000408;0001;9;00;0;57;00;0;0;;6.00;;22140.00;41.00;332100.00;40000.00;590.00;;;;24.96;0001;;;;;;;6.28
514715693;1;00000000;09/19/2022 00:00:00;10/26/2023 00:00:00;10;2222;0300;00000000;ES;20180026304;2;12011580260041;0001;9;01;3;00;00;2;0;4.00;6.00;3606.09;1.87;;27881.25;8040.29;0.00;0.00;0.00;14264.71;1.00;0001;;;;;;;22.00
508749621;1;00000000;08/01/2019 00:00:00;07/22/2026 00:00:00;1;2222;0300;;ES;;9;13144860116002;0001;;00;0;00;00;0;0;;4.60;;;2.00;;37964.40;0.00;0.00;0.00;;0.00;0002;;;;;;;
508540342;1;31815293;06/24/2019 00:00:00;06/12/2020 00:00:00;5;2222;0300;;ES;;3;12011580260051;0999;;07;0;22;01;2;0;;7.00;;2.45;;12329.63;6030.50;0.00;;;;0.35;;;;;;;;
506653697;3;00000000;05/21/2018 00:00:00;04/25/2028 00:00:00;4;2222;0450;;ES;;9;13134020109002;0001;;00;0;00;00;0;0;;2.50;;0.00;1.00;;65900.16;0.00;0.00;0.00;;0.00;0002;;;;;;;
509761330;1;28127603;02/13/2020 00:00:00;02/10/2022 00:00:00;5;2222;0201;;ES;;9;22311300000408;0001;9;00;1;57;10;0;0;;4.60;;15600.00;30.00;99000.00;42840.00;0.00;;;;21.49;0001;0.00;;;;;;
509917000;1;00000000;03/24/2020 00:00:00;03/23/2021 00:00:00;10;2222;0300;00000000;ES;20140659881;2;12010520000052;0001;9;04;3;00;00;2;0;2.00;3.00;5000.00;131340.00;;49361.95;33265.47;0.00;0.00;0.00;6224.09;1.99;0001;;03/20/2021 00:00:00;03/20/2020 00:00:00;03/05/2021 00:00:00;03/05/2020 00:00:00;;6.25
506194189;1;00815319;01/31/2018 00:00:00;11/27/2018 00:00:00;5;2222;0201;;ES;;3;12011580048041;0001;;01;3;22;01;2;8;;5.50;;3.70;;24666.68;10000.00;85.48;;;;1.83;0001;;;;;;;
512628474;1;02038232;08/26/2021 00:00:00;08/15/2031 00:00:00;5;2222;0505;;ES;;9;13144020109408;0001;9;00;0;00;00;0;0;;3.00;;;1.00;;64517.96;0.00;;;;1.33;0002;;;;;;;
511177018;1;00000000;11/17/2020 00:00:00;01/14/2022 00:00:00;10;2222;0300;;ES;;2;12011580260051;0001;9;02;3;00;00;2;0;2.00;4.00;;8.50;;45390.00;21985.30;0.00;0.00;0.00;14326.70;2.00;0001;;;;;;;7.87
509178116;1;00000000;10/04/2019 00:00:00;10/02/2020 00:00:00;10;2222;0300;;ES;;2;12011580260051;0001;;02;3;01;01;2;0;2.00;4.60;;24.22;;113857.50;58684.52;0.00;0.00;0.00;32401.48;5.70;0001;;;;;;;
511714588;1;00000000;03/18/2021 00:00:00;11/14/2021 00:00:00;10;2222;0300;;ES;;2;12011580260041;0001;9;01;3;00;00;2;0;3.00;4.00;;7.50;;48375.00;24921.94;0.00;0.00;0.00;13778.06;4.00;0001;10.80;;;;;;13.91
512482895;1;00815319;08/06/2021 00:00:00;07/20/2022 00:00:00;5;2222;0403;;ES;;3;12011580048041;0001;9;01;3;22;00;0;0;;4.50;;23.98;;122681.68;110000.00;2789.19;;;;9.74;0001;;11/01/2021 00:00:00;;07/29/2021 00:00:00;;;5.72
508008377;2;00000000;01/31/2019 00:00:00;11/01/2028 00:00:00;4;2222;0300;;ES;;9;13121580000002;0001;;00;0;00;00;0;0;;4.60;;;;;9242.11;0.00;0.00;0.00;;0.60;0002;;;;;;;
510839349;1;60746948;09/17/2020 00:00:00;10/15/2027 00:00:00;5;2222;0505;;ES;;9;13146410350002;0154;9;00;0;00;00;0;0;;7.50;;;1.00;;11815.00;2085.00;;;;0.00;0030;;;;;;7.50;
511465810;1;00000000;01/19/2021 00:00:00;01/15/2028 00:00:00;1;2222;0300;;ES;;9;13144860116002;0001;9;00;0;00;00;0;0;;4.00;;;3.00;;48388.80;0.00;0.00;0.00;;0.00;0002;;;;;;;4.31
510251981;1;31804966;06/17/2020 00:00:00;08/20/2025 00:00:00;5;2222;0402;;ES;;9;13906460108408;0999;9;01;0;00;00;0;0;;8.40;;;1.00;;50000.00;0.00;;;;0.00;;;;;;;;8.42
512658227;1;22656789;08/30/2021 00:00:00;10/20/2022 00:00:00;4;2222;0201;;ES;;3;12011580048041;0999;9;01;0;00;00;0;0;;7.50;;2.70;;22499.99;4000.00;9964.00;;;;0.29;;;10/20/2022 00:00:00;;08/24/2021 00:00:00;;;8.65
512229791;1;07237373;06/30/2021 00:00:00;06/30/2031 00:00:00;5;2222;0502;;ES;;9;13121580000002;0001;9;00;0;00;00;0;0;;2.75;;;;;16581.50;;;100.00;;1.00;0004;;;;;;;2.74
511525415;1;00000000;02/02/2021 00:00:00;02/02/2022 00:00:00;4;3333;0201;;ES;;9;22393830406408;0050;9;00;0;00;00;0;0;;5.00;;1023000.00;11.00;280938.73;256327.70;0.00;0.00;0.00;;0.51;;;;;;;;5.93
507734002;1;00000000;11/21/2018 00:00:00;11/19/2028 00:00:00;4;2222;0300;;ES;;9;13121580000002;0001;;00;0;00;00;0;0;;4.60;;0.00;;;15486.69;0.00;0.00;0.00;;1.20;0002;;;;;;;
507315989;1;00000000;09/04/2018 00:00:00;11/04/2019 00:00:00;1;3333;0300;;ES;;3;12011580260051;0050;;03;3;01;01;2;0;;6.00;;72.01;;362220.36;179989.03;11733.41;0.00;0.00;;11.27;;;;;;;;
510804292;1;00000000;09/11/2020 00:00:00;09/30/2021 00:00:00;10;2222;0300;;ES;;2;12011580260051;0001;9;03;3;00;00;2;0;2.00;4.00;;18.75;;91312.50;52240.45;0.00;0.00;0.00;20809.55;5.00;0001;;;;;;;7.59
512971037;1;00000000;10/21/2021 00:00:00;10/20/2022 00:00:00;1;3333;0201;;ES;;9;22371300951408;0050;9;00;0;53;00;0;0;;5.50;;4.32;24.00;128184.48;78614.51;0.00;0.00;0.00;;10.03;;;;;;;;6.18
512709676;1;00000000;09/08/2021 00:00:00;11/05/2022 00:00:00;10;2222;0300;00000000;ES;20201375513;2;12011580260051;0001;9;03;3;00;00;2;0;2.00;4.50;5000.00;7.50;;57000.00;24554.80;0.00;0.00;0.00;21045.20;2.00;0001;;;;;;;9.61
512799259;1;28127603;09/22/2021 00:00:00;09/20/2022 00:00:00;5;2222;0201;;ES;;3;12011580260051;0001;9;02;3;22;00;2;8;;4.50;;15.00;;100050.00;45000.00;0.00;;;;3.77;0001;0.00;;;;;;0.49
507530103;2;25395435;10/09/2018 00:00:00;10/01/2026 00:00:00;4;2222;0300;;ES;;9;13144260000002;0001;;00;0;00;00;0;0;;4.60;;;1.00;;11480.00;0.00;;;;0.00;0002;;;;;;;
509253734;1;02038232;10/18/2019 00:00:00;11/16/2029 00:00:00;5;2222;0505;;ES;;9;13121580000002;0001;;00;0;00;00;0;0;;4.60;;;;;87732.60;0.00;;;;5.00;0002;;;;;;;
514416503;1;32430233;08/10/2022 00:00:00;08/21/2023 00:00:00;5;2222;0403;;ES;;3;12011580260051;0001;9;02;3;22;00;2;8;;6.00;;14.10;;136299.91;66580.33;0.00;;;;2.34;0001;;06/30/2023 00:00:00;;06/01/2023 00:00:00;;;6.39
512073530;2;00000000;06/04/2021 00:00:00;05/14/2031 00:00:00;5;2222;0201;;ES;;9;13147180000408;0001;9;00;0;00;00;0;0;;4.00;;;48.00;;12240.00;0.00;0.00;0.00;;0.00;0002;;;;;;;4.05
508594094;1;00000000;07/09/2019 00:00:00;07/05/2024 00:00:00;5;2222;0300;;ES;;9;13151820000002;0001;;00;0;00;00;0;0;;4.60;;;1.00;;46909.80;0.00;0.00;0.00;;0.00;0002;;;;;;;
511622256;1;60746948;02/25/2021 00:00:00;03/15/2027 00:00:00;5;2222;0505;;ES;;9;13151800000002;0999;5;00;0;00;00;0;0;;3.05;;;1.00;;290000.00;0.00;;;;0.00;;;;;;;3.05;
511933945;2;00000000;05/06/2021 00:00:00;02/15/2029 00:00:00;5;3333;0303;;ES;;9;13144020109408;0999;1;00;0;00;00;0;0;;9.70;;;1.00;;40901.30;0.00;0.00;0.00;;5.75;;;;;;;;9.88
507109295;2;00000000;08/10/2018 00:00:00;07/17/2027 00:00:00;1;2222;0300;;ES;;9;13144860116002;0001;;00;0;00;00;0;0;;4.60;;0.00;1.00;;23881.26;0.00;0.00;0.00;;0.00;0002;;;;;;;
508758921;1;32430233;08/02/2019 00:00:00;07/30/2020 00:00:00;5;2222;0201;;ES;;1;12011580260051;0050;;03;3;22;01;2;0;2.00;6.00;;29.07;;140504.90;84539.91;0.00;;;;6.12;;;;;;;;7.42
511157724;1;05276770;11/12/2020 00:00:00;12/15/2021 00:00:00;5;2222;0505;;ES;;2;12011580260041;0001;9;01;3;22;03;2;8;3.00;4.00;;12.42;;80978.40;20000.00;;;;40000.00;4.14;0001;;09/17/2021 00:00:00;12/31/2020 00:00:00;09/01/2021 00:00:00;12/15/2020 00:00:00;;12.55
508776074;1;00000000;08/06/2019 00:00:00;07/19/2027 00:00:00;5;3333;0300;;ES;;9;13144860116002;0050;;00;0;00;00;0;0;;7.00;;;4.00;;38970.00;0.00;0.00;0.00;;0.00;;;;;;;;
507742913;1;00000000;11/22/2018 00:00:00;11/07/2023 00:00:00;5;2222;0300;;ES;;9;13151820000002;0001;;00;0;00;00;0;0;;4.60;;0.00;1.00;;44869.80;0.00;0.00;0.00;;0.00;0002;;;;;;;
512647766;1;31815293;08/27/2021 00:00:00;08/26/2022 00:00:00;5;2222;0403;;ES;;3;12011580260051;0001;9;02;0;22;00;2;0;;4.50;;3.66;;20394.73;11501.24;0.00;;;;0.60;0001;;06/30/2022 00:00:00;;04/10/2022 00:00:00;;;4.90
510221576;1;07237373;06/09/2020 00:00:00;06/09/2022 00:00:00;5;2222;0502;;ES;;9;13121580000002;0001;9;00;0;00;00;0;0;;0.50;;;;;5000.00;;0.00;100.00;;0.40;0056;;;;;;;0.50
513171003;1;00000000;11/30/2021 00:00:00;12/22/2022 00:00:00;10;2222;0300;;ES;;2;12011580260051;0001;9;03;3;00;00;2;0;2.00;4.50;;46.87;1.00;510468.75;154234.83;0.00;0.00;0.00;40000.00;12.50;0001;;;;;;;8.71
514946224;1;00000000;10/26/2022 00:00:00;07/15/2032 00:00:00;2;2222;0300;;ES;;9;13147705000408;0001;9;00;0;00;00;0;0;;6.00;;;1.00;;199022.00;0.00;0.00;0.00;;0.77;0002;;;;;;;6.06
514857886;1;28127603;10/10/2022 00:00:00;11/20/2023 00:00:00;5;2222;0201;;ES;;3;12011580048041;0001;9;01;3;22;00;2;8;;6.00;;21.00;;350700.00;70000.00;0.00;;;;8.03;0001;0.00;;10/20/2016 00:00:00;;09/21/2016 00:00:00;;0.64
511328671;1;00000000;12/15/2020 00:00:00;12/01/2021 00:00:00;2;3333;0300;;ES;;9;22371300951408;0999;9;00;0;53;00;0;0;;6.00;;23.94;133.00;587301.40;411110.98;65359.52;0.00;0.00;;43.14;;;;;;;;6.55
512267273;1;00000000;07/12/2021 00:00:00;07/07/2022 00:00:00;10;2222;0300;;ES;;9;22371300190408;0001;9;00;0;00;00;0;0;;3.00;;15686.97;13.00;35982.10;16849.79;0.00;0.00;0.00;;2.10;0001;;;;;;;3.40
507228568;1;00000000;08/23/2018 00:00:00;07/25/2028 00:00:00;4;2222;0450;;ES;;9;13137705000408;0001;;00;0;00;00;0;0;;2.50;;0.00;1.00;;19910.40;0.00;0.00;0.00;;0.00;0002;;;;;;;
508975384;1;00000000;09/02/2019 00:00:00;08/26/2020 00:00:00;10;2222;0300;00000000;ES;00120946561;2;12011580260041;0001;;01;3;01;01;2;0;3.00;4.60;2249.03;3.21;;14993.55;9816.30;0.00;0.00;0.00;2178.54;3.90;0001;;;;;;;
510312993;1;00000000;06/26/2020 00:00:00;06/10/2028 00:00:00;4;2222;0201;;ES;;9;13121580000002;0001;9;00;0;00;00;0;0;;4.60;;;;;18406.10;0.00;0.00;0.00;;0.68;0002;;;;;;;
508640119;1;00815319;07/17/2019 00:00:00;07/08/2020 00:00:00;5;2222;0201;;ES;;9;12016780000042;0001;;01;3;24;01;2;0;;4.60;;18.87;;37740.00;15000.00;2649.00;;;;0.94;0001;;;;;;;5.89
514079257;1;00000000;06/28/2022 00:00:00;08/23/2023 00:00:00;10;2222;0201;;ES;;2;12011580260051;0001;9;02;3;00;00;2;0;2.00;4.50;;4.88;;62755.50;21055.79;0.00;0.00;0.00;29148.61;1.15;0001;;;;;;;10.53
507277630;1;00000000;08/29/2018 00:00:00;08/01/2028 00:00:00;4;2222;0300;;ES;;9;13121580000002;0001;;00;0;00;00;0;0;;4.60;;0.00;;;52010.04;0.00;0.00;0.00;;2.50;0002;;;;;;;
514942348;1;00000000;10/25/2022 00:00:00;11/08/2023 00:00:00;1;3333;0201;;ES;;3;12011580048041;0050;9;01;3;00;00;2;0;;8.00;;10.00;;217500.00;70131.50;0.00;0.00;0.00;;5.00;;;;;;;;9.62
510176529;1;00000000;05/28/2020 00:00:00;05/28/2021 00:00:00;10;2222;0300;;ES;;9;22371300190408;0001;9;00;0;00;00;0;0;;3.00;;16033.68;10.00;21819.00;18130.20;0.00;0.00;0.00;;5.75;0001;;;;;;;3.00
512725868;1;00000000;09/10/2021 00:00:00;10/30/2022 00:00:00;10;2222;0300;00000000;ES;20190497960;2;12011580260051;0001;9;02;3;00;00;2;0;2.00;4.50;5000.00;7.09;;52947.35;20248.58;0.00;0.00;0.00;22109.30;1.67;0001;;;;;;;10.40
509780681;1;07475376;02/18/2020 00:00:00;01/15/2021 00:00:00;5;2222;0201;;ES;;2;12011580260041;0001;9;01;3;22;01;2;8;3.00;4.60;;3.60;;26559.97;10200.00;;;;11047.98;1.00;0001;;11/12/2020 00:00:00;02/26/2020 00:00:00;11/07/2020 00:00:00;02/21/2020 00:00:00;;14.79
508357937;1;00000000;05/14/2019 00:00:00;04/29/2020 00:00:00;10;2222;0304;;ES;;2;12011580260051;0001;;03;3;01;01;2;0;1.75;4.60;;26.83;;144385.75;51880.05;0.00;0.00;0.00;40000.00;5.65;0001;;;;;;;
508556574;1;00815319;06/26/2019 00:00:00;06/22/2020 00:00:00;5;2222;0201;;ES;;3;12011580260051;0001;;02;3;22;01;2;0;;4.60;;9.08;;42367.28;25000.00;0.00;;;;2.50;0001;;;;;;;
509803786;1;00000000;02/21/2020 00:00:00;12/28/2020 00:00:00;1;3333;0300;;ES;;3;12011580048041;0050;9;01;3;01;01;2;0;;6.00;;125.12;;992241.25;498153.30;0.00;0.00;0.00;;38.50;;;;;;;;7.71
514229854;1;05276770;07/22/2022 00:00:00;08/15/2023 00:00:00;5;2222;0505;;ES;;2;12011580260051;0001;9;03;3;22;03;2;0;6.00;6.00;;9.00;;108000.00;35500.00;;;;40000.00;2.00;0001;;06/12/2023 00:00:00;10/25/2022 00:00:00;05/16/2023 00:00:00;09/28/2022 00:00:00;;19.12
514859312;1;00815319;10/10/2022 00:00:00;08/30/2030 00:00:00;5;3333;0403;;ES;;9;13121580048001;0999;9;01;3;22;00;2;0;;10.50;;;;;81400.00;4445.00;;;;4.75;;;;;;;;10.61
508874705;1;00000000;08/20/2019 00:00:00;07/28/2020 00:00:00;1;3333;0300;;ES;;3;12011580260051;0050;;02;3;01;01;2;0;;6.00;;105.00;;484050.00;260000.00;0.00;0.00;0.00;;17.50;;;;;;;;
512568011;1;28127603;08/18/2021 00:00:00;08/10/2028 00:00:00;5;3333;0201;;ES;;9;13121580000002;0050;9;00;0;00;00;0;0;;6.50;;;;;200275.00;0.00;;;;9.17;;0.00;;;;;;0.52
512547112;1;00000000;08/16/2021 00:00:00;07/20/2031 00:00:00;1;2222;0300;;ES;;9;13144020109408;0001;9;00;0;00;00;0;0;;3.00;;;1.00;;56312.47;0.00;0.00;0.00;;1.58;0002;;;;;;;3.12
512698906;1;28127603;09/06/2021 00:00:00;10/20/2022 00:00:00;5;2222;0201;;ES;;3;12011580048041;0001;9;01;3;22;00;2;8;;4.50;;7.50;;56250.00;20000.00;0.00;;;;2.50;0001;0.00;;;;;;0.59
509110517;2;02038232;09/24/2019 00:00:00;10/15/2029 00:00:00;5;2222;0505;;ES;;9;13146580000002;0001;;00;0;00;00;0;0;;4.60;;;11.32;;44950.00;0.00;;;;0.00;0002;;;;;;;
512152978;1;28127603;06/18/2021 00:00:00;06/20/2027 00:00:00;5;3333;0430;;ES;;9;23105760168408;0999;9;00;0;00;00;0;0;;8.00;;;;;15300.00;0.00;;;;6.00;;0.00;;;;;;
512721077;1;00000000;09/10/2021 00:00:00;09/02/2022 00:00:00;10;2222;0300;;ES;;9;22371300190408;0001;9;00;0;00;00;0;0;;3.00;;19240.41;12.00;28779.40;26318.52;0.00;0.00;0.00;;7.18;0001;;;;;;;2.75
507593868;1;00000000;10/22/2018 00:00:00;09/20/2019 00:00:00;10;2222;0300;00000000;ES;20132530153;2;12011580260051;0001;;03;3;01;01;2;0;2.00;4.60;5000.00;7.61;;38367.00;19421.07;0.00;0.00;0.00;11272.53;2.03;0001;12.00;;;;;;
509227529;1;07237373;10/15/2019 00:00:00;10/15/2028 00:00:00;5;2222;0502;;ES;;9;13121580000002;0001;;00;0;00;00;0;0;;4.60;;;;;11739.13;;;50.00;;0.90;0057;;;;;;;4.58
512333667;1;00000000;07/20/2021 00:00:00;07/07/2031 00:00:00;2;2222;0300;;ES;;9;13144020109408;0001;9;00;0;00;00;0;0;;3.00;;;1.00;;39408.21;0.00;0.00;0.00;;3.10;0002;;;;;;;3.05
514103363;1;00000000;06/30/2022 00:00:00;08/27/2023 00:00:00;10;2222;0201;;ES;;2;12011160000051;0001;9;03;3;00;00;2;0;2.00;3.00;;93.50;;111309.88;68880.28;0.00;0.00;0.00;20167.62;4.40;0001;;;;;;;5.71
506512955;1;00815319;04/19/2018 00:00:00;03/20/2019 00:00:00;5;2222;0201;;ES;;3;12011580048041;0001;;01;3;22;01;2;0;;5.50;;1.38;;7060.08;5520.00;0.00;;;;1.38;0001;;12/31/2018 00:00:00;01/31/2016 00:00:00;08/30/2018 00:00:00;01/01/2016 00:00:00;;
514195739;1;00000000;07/20/2022 00:00:00;06/21/2024 00:00:00;1;3333;0300;;ES;;9;22311300000408;0050;9;00;0;57;00;0;0;;8.00;;23215.50;50.00;308422.50;161267.00;0.00;0.00;0.00;;20.38;;;;;;;;8.49
506970938;1;05040481;07/23/2018 00:00:00;07/15/2025 00:00:00;5;2222;0505;;ES;;9;13147080215002;0154;3;00;0;00;00;0;0;;7.50;;0.00;1.00;;95000.00;20000.00;;;;0.00;0030;;;;;;;
511118250;1;00000000;11/04/2020 00:00:00;10/02/2025 00:00:00;5;2222;0300;;ES;;9;13155150356002;0001;9;00;0;00;00;0;0;;4.00;;;1.00;;14855.28;0.00;0.00;0.00;;0.00;0002;;;;;;;4.00
514032519;1;00000000;06/21/2022 00:00:00;08/13/2023 00:00:00;10;2222;0201;00000000;ES;20191447766;2;12011580260051;0001;9;02;3;00;00;2;0;2.00;4.50;2849.07;27.36;;370180.80;112831.78;0.00;0.00;0.00;40000.00;5.76;0001;;;;;;;8.59
512505289;1;00000000;08/10/2021 00:00:00;10/05/2022 00:00:00;10;2222;0300;;ES;;2;12011580260051;0001;9;03;3;00;00;2;0;2.00;4.50;;11.62;;86257.50;36079.51;0.00;0.00;0.00;32926.49;3.10;0001;;;;;;;9.35
511695281;1;60746948;03/15/2021 00:00:00;02/07/2023 00:00:00;1;2222;0430;;ES;;9;23271300078002;0999;9;00;0;00;00;0;0;;8.00;;;5.00;;26000.00;;;;;2.50;;;;;;;;
512825115;1;22656789;09/27/2021 00:00:00;09/20/2022 00:00:00;4;2222;0201;;ES;;3;12011580048041;0999;9;01;3;22;03;2;8;;7.50;;2.70;;29249.99;10000.00;1054.00;;;;0.90;;;06/30/2022 00:00:00;;06/01/2022 00:00:00;;;8.70
514823077;1;28127603;10/04/2022 00:00:00;11/20/2023 00:00:00;5;2222;0201;;ES;;3;12011580048041;0001;9;01;3;22;00;2;8;;6.00;;6.03;;100701.00;20100.00;0.00;;;;4.12;0001;0.00;;10/21/2022 00:00:00;;09/21/2022 00:00:00;;0.70
509540526;1;00000000;12/16/2019 00:00:00;10/20/2020 00:00:00;10;2222;0300;;ES;;2;12011580260051;0001;;02;3;01;01;2;0;2.00;4.60;;13.21;;69524.05;37977.86;0.00;0.00;0.00;17641.38;3.11;0001;;;;;;;9.77
513224471;2;00000000;12/10/2021 00:00:00;11/20/2028 00:00:00;1;2222;0300;;ES;;9;13147080215002;0001;9;00;0;00;00;0;0;;4.50;;;1.00;;83200.00;48027.94;0.00;0.00;;0.00;0002;;;;;;;4.89
510152793;1;00000000;05/25/2020 00:00:00;02/23/2021 00:00:00;10;2222;0300;;ES;;2;12011580048041;0001;9;01;3;00;00;2;0;3.00;4.60;;9.35;;71995.00;26116.42;0.00;0.00;0.00;31479.58;3.40;0001;;;;;;;16.23
511349227;1;00000000;12/18/2020 00:00:00;10/07/2021 00:00:00;10;2222;0300;00000000;ES;20171516179;2;12011580260041;0001;9;01;3;00;00;2;0;3.00;4.00;1306.80;1.65;;8712.00;5233.40;0.00;0.00;0.00;1736.20;2.00;0001;;;;;;;11.81
506311603;1;00000000;03/02/2018 00:00:00;03/28/2027 00:00:00;1;2222;0300;;ES;;9;23271300193002;0001;;00;0;00;00;0;0;;5.50;;0.00;10.00;;41820.00;0.00;0.00;0.00;;0.00;0002;;;;;;;
508558980;1;00000000;06/26/2019 00:00:00;06/25/2020 00:00:00;10;2222;0304;;ES;;2;12011580048041;0001;;01;3;01;01;2;0;2.25;4.60;;24.97;;158309.80;72539.62;0.00;0.00;0.00;40000.00;9.08;0001;;;;;;;
512750336;2;00000000;09/15/2021 00:00:00;08/17/2028 00:00:00;1;2222;0300;;ES;;9;13147080215002;0001;9;00;0;00;00;0;0;;4.50;;;1.00;;160000.00;0.00;0.00;0.00;;0.00;0002;;;;;;;4.75
509158420;1;28127603;10/01/2019 00:00:00;10/20/2020 00:00:00;5;3333;0201;;ES;;3;12011580048041;0050;;01;3;22;01;2;0;;6.00;;21.00;;119700.00;60000.00;0.00;;;;10.00;;0.00;08/31/2020 00:00:00;;05/01/2020 00:00:00;;;
508548805;3;07237373;06/25/2019 00:00:00;06/25/2031 00:00:00;5;4444;0502;;ES;;9;13134020109002;0999;9;00;0;00;00;0;0;;5.41;;;2.00;;220600.00;;0.00;50.00;;0.00;;;;;;;;
508963329;1;00000000;08/29/2019 00:00:00;08/28/2020 00:00:00;10;2222;0300;;ES;;2;12013780000052;0001;;03;3;01;01;2;0;2.00;4.60;;7.50;;11475.00;4828.83;0.00;0.00;0.00;4351.17;0.20;0001;5.00;;;;;;
513024446;1;28127603;10/28/2021 00:00:00;10/20/2022 00:00:00;5;3333;0201;;ES;;3;12011580048041;0050;9;01;3;22;00;2;8;;5.50;;7.50;;56250.00;20000.00;0.00;;;;2.49;;0.00;;;;;;0.74
511835638;1;00000000;04/15/2021 00:00:00;04/06/2022 00:00:00;10;2222;0300;;ES;;2;12011580260051;0001;9;02;3;00;00;2;0;2.00;4.00;;14.02;;89760.00;32469.92;0.00;0.00;0.00;39338.08;3.30;0001;;;;;;;9.41
513080932;2;00000000;11/11/2021 00:00:00;11/07/2030 00:00:00;2;2222;0300;;ES;;9;13121580000002;0001;9;00;0;00;00;0;0;;4.50;;;1.00;;44550.00;0.00;0.00;0.00;;1.65;0002;;;;;;;4.56
512828619;1;02038232;09/27/2021 00:00:00;10/15/2029 00:00:00;5;2222;0505;;ES;;9;13144020109408;0001;9;00;0;00;00;0;0;;3.00;;;1.00;;49563.40;0.00;;;;4.82;0002;;;;;;;
506665323;1;00000000;05/22/2018 00:00:00;03/23/2028 00:00:00;4;2222;0100;;ES;;9;13121580000002;0001;;00;0;00;00;0;0;;0.50;;1.00;;;6656.80;0.00;100.00;0.00;;0.54;0054;;;;;;;
508373843;1;00000000;05/16/2019 00:00:00;05/15/2020 00:00:00;10;2222;0304;;ES;;9;22261300190002;0001;;00;0;00;00;0;0;;4.60;;5973.11;3.00;8500.57;5059.46;0.00;0.00;0.00;;2.00;0001;;;;;;;
510754130;1;32467086;09/01/2020 00:00:00;05/26/2022 00:00:00;5;2222;0201;;ES;;2;12011580048041;0001;9;01;0;00;00;0;0;3.00;4.00;;31.50;;181634.36;70000.00;0.00;;;40000.00;8.75;0001;;07/30/2021 00:00:00;;07/01/2021 00:00:00;;;4.78
513559614;1;60746948;03/10/2022 00:00:00;03/08/2023 00:00:00;1;3333;0201;;ES;;9;22311300000408;0050;9;00;0;57;00;0;0;;5.50;;45900.00;170.00;1020000.00;650000.00;;;;;57.88;;;;;;;;
514088290;1;00000000;06/29/2022 00:00:00;08/28/2023 00:00:00;10;2222;0201;;ES;;2;12011580260051;0001;9;02;3;00;00;2;0;2.00;4.50;;10.20;;148920.00;49564.80;0.00;0.00;0.00;40000.00;2.40;0001;;;;;;;9.15
514100425;1;00000000;06/30/2022 00:00:00;06/27/2023 00:00:00;10;2222;0201;00000000;ES;20210910750;2;12016940148053;0001;9;02;3;00;00;2;0;2.00;3.00;5000.00;82.50;;332475.00;91798.84;0.00;0.00;0.00;0.00;0.75;0001;;04/25/2023 00:00:00;12/20/2022 00:00:00;03/20/2023 00:00:00;12/01/2022 00:00:00;;5.65
510870978;1;00000000;09/22/2020 00:00:00;11/10/2021 00:00:00;10;2222;0300;;ES;;2;12011580260051;0001;9;02;3;00;00;2;0;2.00;4.00;;25.02;;132632.50;65858.38;0.00;0.00;0.00;40000.00;4.55;0001;;;;;;;7.79
510312993;3;00000000;06/26/2020 00:00:00;06/10/2028 00:00:00;4;2222;0201;;ES;;
